# code width height leftoffset topoffset crc32-of-alpha-mask (of the source glyph in the WAD)
33 4 7 0 0 5b116adf
34 7 4 0 0 fd66616b
35 7 7 0 0 b764f876
36 7 8 0 0 8ad6eaa9
37 9 7 0 0 5bf7704e
38 8 7 0 0 bef9ceb4
39 4 4 0 0 9d1b7f44
40 7 7 0 0 c1f0eaee
41 7 7 0 0 9b9be7a5
42 7 7 0 0 c9a9c3f3
43 5 5 0 -1 cabc59c4
44 4 4 0 -3 ea1c4fd2
45 6 3 0 -2 b1f4d10d
46 4 3 0 -4 92c4d707
47 7 7 0 0 e50f29b1
48 8 7 0 0 614a1c93
49 5 7 0 0 0beac5f5
50 8 7 0 0 40d4f40f
51 8 7 0 0 0d885142
52 7 7 0 0 25289f81
53 7 7 0 0 ba5ff30e
54 8 7 0 0 cf4d669a
55 8 7 0 0 3e670303
56 8 7 0 0 351b8937
57 8 7 0 0 3e7cb5f5
58 4 7 0 0 0c1b1855
59 4 7 0 0 e3ad0dba
60 5 7 0 0 e31b2692
61 5 5 0 -1 ba8a5372
62 5 7 0 0 d6b55fec
63 8 7 0 0 163d3f52
64 9 8 0 0 c18df735
65 8 7 0 0 c5557357
66 8 7 0 0 15fe9fd4
67 8 7 0 0 a2a2eb27
68 8 7 0 0 d233a388
69 8 7 0 0 8eb8c6ff
70 8 7 0 0 1ff7ab45
71 8 7 0 0 8eb8c6ff
72 8 7 0 0 482a105f
73 4 7 0 0 5b116adf
74 8 7 0 0 bbbe69db
75 8 7 0 0 6a98e61e
76 8 7 0 0 6d3f2136
77 9 7 0 0 3b669388
78 8 7 0 0 22b8331e
79 8 7 0 0 14a17528
80 8 7 0 0 35241458
81 8 8 0 0 21a6be92
82 8 7 0 0 62f9af42
83 7 7 0 0 56000539
84 8 7 0 0 6cc80615
85 8 7 0 0 f5f89f70
86 7 7 0 0 069c2eff
87 9 7 0 0 2d8ff67c
88 9 7 0 0 efa79187
89 8 7 0 0 85324853
90 7 7 0 0 b8c28361
91 5 7 0 0 f3bbe4b2
92 7 7 0 0 07bfa0e3
93 5 7 0 0 b3aaa85a
94 7 5 0 0 5ebc18f0
95 8 3 0 -4 550f07d3
121 4 7 0 0 5b116adf
